119 200 241 252 249
685 500 121 107 82
928 165 20 19 233
369 597 226 45 81
934 803 142 31 86
349 876 8 87 39
194 524 167 5 212
497 307 208 82 130
412 205 119 117 27
329 354 153 74 237
688 91 88 61 106
706 249 82 54 213
1010 447 36 74 104
1052 263 142 173 149
878 352 95 60 53
865 602 181 196 140
1079 637 221 108 17
1088 830 50 61 226
728 829 180 180 89
657 719 207 206 35
601 785 61 39 223
265 778 167 249 150
171 769 252 30 224
86 864 102 44 14
78 490 123 140 202
392 542 48 66 143
573 435 188 159 123
546 222 206 209 184
536 47 177 135 236
333 78 138 214 187
257 167 46 21 99
166 125 14 60 220
166 384 164 58 122
510 593 6 32 167
726 372 147 27 52
873 279 221 76 245
1108 103 236 136 150
1013 683 104 214 104
807 770 160 9 111
880 949 142 147 71
1009 949 201 65 219
685 923 172 207 151
550 923 137 243 81
438 857 5 121 113
414 745 44 14 13
157 626 96 107 89
657 591 213 89 225
843 476 108 193 185
808 175 85 99 66
1139 510 68 113 85
1009 85 11 186 151
845 32 230 104 103
640 178 254 113 91
458 501 80 118 85
450 422 194 34 99
267 444 79 2 206
280 534 168 216 167
277 655 10 69 106
212 930 67 26 77
759 673 133 95 62
894 697 219 106 248
1009 784 115 209 97
1112 949 90 208 83
56 317 53 33 201
277 287 138 99 236
621 345 109 178 238
503 709 188 218 71
85 697 100 229 13
1111 386 78 168 39
998 322 27 47 6
773 551 89 138 240
780 258 83 125 194
409 651 52 215 19
835 863 135 140 179
1124 745 209 151 24
984 557 62 132 74
571 527 172 192 165
415 305 244 38 11
788 320 2 243 179
343 720 168 16 98
419 946 175 232 236
190 858 160 60 106
109 957 226 240 193
49 794 245 120 206
508 127 169 201 102
626 49 65 8 106
399 74 12 53 44
57 56 177 42 209
52 133 60 171 197
887 765 239 84 85
1065 553 83 131 63
911 427 191 36 250
1149 214 43 134 235
720 437 108 124 101
584 651 59 166 174
336 470 33 103 183
233 363 140 115 236
872 209 56 164 150
750 741 10 224 66
782 919 207 81 22
950 611 165 36 154
795 409 228 227 62
663 304 223 142 69
524 377 204 251 65
